

git log SimplexNoise.cpp
git log SimplexNoise.h

git checkout 27e45ca4b39f305b84e4a5d41360a22fdbc13385 SimplexNoise.cpp ;
git checkout 27e45ca4b39f305b84e4a5d41360a22fdbc13385 SimplexNoise.h ;


https://www.arduino.cc/reference/en/language/variables/utilities/progmem/





    //static const uint8_t p[256];
    //static uint8_t perm[512];
    //static uint8_t permMod12[512];

    PROGMEM static const uint8_t p[256];
    PROGMEM static const uint8_t perm[512];
    PROGMEM static const uint8_t permMod12[512];
    
    
    
    //static const uint8_t p[256];
    PROGMEM static const uint8_t p[256];
    
    
// const uint8_t SimplexNoise::p[256]
PROGMEM static const uint8_t SimplexNoise::p[256]

//uint8_t SimplexNoise::perm[512] = {0};
PROGMEM static const uint8_t SimplexNoise::perm[512] = {6, 6, 6, 6, 6, 6, 6, 6, 6, 6, 6, 6, 6, 6, 6, 6, 1, 3, 0, 0, 175, 0, 0, 0, 0, 0, 0, 0, 0, 0, 0, 0, 32, 0, 6, 6, 0, 0, 0, 0, 0, 0, 0, 0, 0, 0, 0, 0, 0, 33, 33, 33, 33, 33, 33, 33, 33, 33, 33, 33, 33, 33, 33, 33, 33, 33, 33, 33, 33, 33, 33, 33, 33, 33, 33, 33, 33, 33, 33, 33, 33, 33, 33, 33, 33, 33, 33, 33, 33, 33, 33, 33, 33, 33, 33, 33, 33, 33, 33, 33, 33, 33, 33, 33, 33, 33, 33, 33, 33, 33, 33, 33, 33, 33, 33, 33, 33, 33, 33, 33, 33, 33, 33, 33, 33, 33, 33, 33, 33, 33, 33, 33, 33, 33, 33, 33, 33, 33, 33, 33, 33, 33, 33, 33, 33, 33, 33, 33, 33, 33, 33, 33, 0, 0, 0, 0, 0, 0, 0, 0, 0, 0, 0, 0, 0, 0, 0, 0, 0, 0, 0, 0, 0, 0, 0, 0, 0, 0, 0, 0, 0, 0, 0, 0, 0, 0, 0, 0, 0, 0, 0, 0, 0, 0, 0, 0, 0, 0, 0, 0, 0, 0, 0, 0, 0, 0, 0, 0, 32, 32, 32, 32, 32, 32, 32, 32, 0, 0, 0, 0, 0, 0, 0, 0, 0, 0, 0, 0, 0, 0, 0, 0, 0, 0, 0, 0, 0, 0, 0, 0, 0, 0, 0, 0, 247, 1, 97, 1, 142, 1, 95, 2, 191, 1, 157, 1, 0, 0, 0, 0, 0, 0, 2, 2, 2, 2, 2, 2, 2, 2, 2, 2, 1, 3, 0, 0, 236, 0, 0, 0, 0, 0, 0, 0, 0, 0, 0, 0, 32, 0, 6, 6, 0, 0, 0, 0, 0, 0, 0, 0, 0, 0, 0, 0, 0, 0, 0, 0, 0, 0, 0, 0, 0, 0, 0, 0, 0, 0, 0, 0, 0, 0, 0, 0, 0, 0, 0, 0, 0, 0, 0, 0, 0, 0, 0, 0, 0, 0, 0, 0, 0, 0, 0, 0, 0, 0, 0, 0, 0, 0, 0, 0, 0, 0, 0, 0, 0, 0, 0, 0, 0, 0, 0, 0, 0, 0, 0, 0, 53, 1, 1, 1, 1, 1, 1, 1, 1, 1, 1, 1, 1, 1, 1, 1, 1, 1, 1, 1, 1, 1, 0, 0, 0, 0, 0, 0, 0, 0, 0, 0, 0, 0, 0, 0, 0, 0, 0, 0, 0, 0, 0, 0, 0, 0, 0, 0, 0, 0, 0, 0, 0, 0, 0, 0, 0, 0, 0, 0, 0, 0, 0, 0, 0, 0, 0, 0, 0, 0, 0, 0, 0, 0, 0, 0, 0, 0, 0, 0, 0, 0, 0, 0, 0, 0, 0, 0, 0, 0, 0, 0, 0, 0, 0, 0, 0, 0, 0, 0, 0, 0, 0, 0, 0, 0, 0, 0, 0, 0, 0, 0, 0, 0, 0, 0, 0, 0, 0, 0, 0, 0, 0, 0, 0, 0, 0, 0, 0, 0, 0, 0, 247, 1, 97, 1, 142, 1, 95, 2, 191, 1, 157, 1 };

// uint8_t SimplexNoise::permMod12[512] = {0};
PROGMEM const uint8_t SimplexNoise::permMod12[512] = {7, 4, 5, 7, 6, 3, 11, 1, 9, 11, 0, 5, 2, 5, 7, 9, 8, 0, 7, 6, 9, 10, 8, 3, 1, 0, 9, 10, 11, 10, 6, 4, 7, 0, 6, 3, 0, 2, 5, 2, 10, 0, 3, 11, 9, 11, 11, 8, 9, 9, 9, 4, 9, 5, 8, 3, 6, 8, 5, 4, 3, 0, 8, 7, 2, 9, 11, 2, 7, 0, 3, 10, 5, 2, 2, 3, 11, 3, 1, 2, 0, 7, 1, 2, 4, 9, 8, 5, 7, 10, 5, 4, 4, 6, 11, 6, 5, 1, 3, 5, 1, 0, 8, 1, 5, 4, 0, 7, 4, 5, 6, 1, 8, 4, 3, 10, 8, 8, 3, 2, 8, 4, 1, 6, 5, 6, 3, 4, 4, 1, 10, 10, 4, 3, 5, 10, 2, 3, 10, 6, 3, 10, 1, 8, 3, 2, 11, 11, 11, 4, 10, 5, 2, 9, 4, 6, 7, 3, 2, 9, 11, 8, 8, 2, 8, 10, 7, 10, 5, 9, 5, 11, 11, 7, 4, 9, 9, 10, 3, 1, 7, 2, 0, 2, 7, 5, 8, 4, 10, 5, 4, 8, 2, 6, 1, 0, 11, 10, 2, 1, 10, 6, 0, 0, 11, 11, 6, 1, 9, 3, 1, 7, 9, 2, 11, 11, 1, 0, 10, 7, 1, 7, 10, 1, 4, 0, 0, 8, 7, 1, 2, 9, 7, 4, 6, 2, 6, 8, 1, 9, 6, 6, 7, 5, 0, 0, 3, 9, 8, 3, 6, 6, 11, 1, 0, 0, 7, 4, 5, 7, 6, 3, 11, 1, 9, 11, 0, 5, 2, 5, 7, 9, 8, 0, 7, 6, 9, 10, 8, 3, 1, 0, 9, 10, 11, 10, 6, 4, 7, 0, 6, 3, 0, 2, 5, 2, 10, 0, 3, 11, 9, 11, 11, 8, 9, 9, 9, 4, 9, 5, 8, 3, 6, 8, 5, 4, 3, 0, 8, 7, 2, 9, 11, 2, 7, 0, 3, 10, 5, 2, 2, 3, 11, 3, 1, 2, 0, 7, 1, 2, 4, 9, 8, 5, 7, 10, 5, 4, 4, 6, 11, 6, 5, 1, 3, 5, 1, 0, 8, 1, 5, 4, 0, 7, 4, 5, 6, 1, 8, 4, 3, 10, 8, 8, 3, 2, 8, 4, 1, 6, 5, 6, 3, 4, 4, 1, 10, 10, 4, 3, 5, 10, 2, 3, 10, 6, 3, 10, 1, 8, 3, 2, 11, 11, 11, 4, 10, 5, 2, 9, 4, 6, 7, 3, 2, 9, 11, 8, 8, 2, 8, 10, 7, 10, 5, 9, 5, 11, 11, 7, 4, 9, 9, 10, 3, 1, 7, 2, 0, 2, 7, 5, 8, 4, 10, 5, 4, 8, 2, 6, 1, 0, 11, 10, 2, 1, 10, 6, 0, 0, 11, 11, 6, 1, 9, 3, 1, 7, 9, 2, 11, 11, 1, 0, 10, 7, 1, 7, 10, 1, 4, 0, 0, 8, 7, 1, 2, 9, 7, 4, 6, 2, 6, 8, 1, 9, 6, 6, 7, 5, 0, 0, 3, 9, 8, 3, 6, 6, 11, 1, 0, 0 };



  Serial.print(F("perm[512] = {"));
  for (int i = 0; i < 512; i++) {
    Serial.print(perm[i]);
    if (i < 511) {
      Serial.print(", ");
    }
  }
  Serial.println(F("};"));

  Serial.println(F(""));

  Serial.print(F("permMod12[512] = {"));
  for (int i = 0; i < 512; i++) {
    Serial.print(permMod12[i]);
    if (i < 511) {
      Serial.print(", ");
    }
  }
  Serial.println(F("};"));


  for (;;)
    ;




        //perm[i] = p[i & 255];
        perm[i] = pgm_read_byte_near(p + (i & 255));
        
        

// Original
Sketch uses 6088 bytes (2%) of program storage space. Maximum is 253952 bytes.
Global variables use 1536 bytes (18%) of dynamic memory, leaving 6656 bytes for local variables. Maximum is 8192 bytes.

01:52:41.653 -> 0.00 -0.21 -0.40 -0.55 -0.63 -0.68 -0.70 -0.72 -0.75 -0.79 -0.83 -0.88 -0.92 -0.92 -0.86 -0.76 -0.61 -0.44 -0.28 -0.15 
01:52:41.717 -> 0.00 -0.21 -0.40 -0.53 -0.62 -0.66 -0.67 -0.68 -0.69 -0.73 -0.78 -0.83 -0.88 -0.89 -0.86 -0.77 -0.64 -0.49 -0.36 -0.25 
01:52:41.783 -> 0.00 -0.20 -0.37 -0.50 -0.58 -0.62 -0.63 -0.63 -0.64 -0.67 -0.72 -0.78 -0.83 -0.85 -0.83 -0.75 -0.64 -0.51 -0.39 -0.30 
01:52:41.846 -> 0.00 -0.18 -0.34 -0.46 -0.54 -0.58 -0.59 -0.59 -0.60 -0.63 -0.68 -0.74 -0.79 -0.81 -0.79 -0.72 -0.61 -0.50 -0.39 -0.32 
01:52:41.910 -> 0.01 -0.15 -0.29 -0.41 -0.49 -0.54 -0.56 -0.57 -0.58 -0.61 -0.66 -0.71 -0.75 -0.77 -0.74 -0.68 -0.58 -0.47 -0.37 -0.30 
01:52:41.974 -> 0.03 -0.11 -0.24 -0.35 -0.44 -0.50 -0.53 -0.56 -0.58 -0.61 -0.65 -0.69 -0.73 -0.73 -0.70 -0.63 -0.54 -0.44 -0.34 -0.27 
01:52:42.038 -> 0.07 -0.06 -0.18 -0.29 -0.38 -0.45 -0.50 -0.54 -0.57 -0.60 -0.64 -0.68 -0.70 -0.70 -0.66 -0.59 -0.50 -0.40 -0.30 -0.23 
01:52:42.103 -> 0.14 0.02 -0.10 -0.22 -0.31 -0.39 -0.45 -0.50 -0.54 -0.59 -0.62 -0.65 -0.67 -0.65 -0.61 -0.54 -0.45 -0.35 -0.26 -0.18 
01:52:42.167 -> 0.23 0.11 -0.01 -0.13 -0.23 -0.31 -0.37 -0.43 -0.48 -0.53 -0.57 -0.60 -0.60 -0.58 -0.53 -0.47 -0.39 -0.30 -0.21 -0.12 
01:52:42.231 -> 0.31 0.20 0.08 -0.03 -0.13 -0.21 -0.28 -0.33 -0.38 -0.43 -0.46 -0.49 -0.49 -0.47 -0.43 -0.38 -0.31 -0.24 -0.15 -0.06 
01:52:42.295 -> 0.38 0.27 0.16 0.06 -0.03 -0.11 -0.17 -0.21 -0.25 -0.28 -0.31 -0.32 -0.32 -0.31 -0.28 -0.25 -0.20 -0.15 -0.08 -0.00 
01:52:42.360 -> 0.42 0.32 0.22 0.13 0.05 -0.00 -0.05 -0.07 -0.09 -0.10 -0.11 -0.12 -0.12 -0.11 -0.11 -0.09 -0.07 -0.04 0.00 0.06 
01:52:42.425 -> 0.41 0.33 0.25 0.18 0.12 0.09 0.07 0.07 0.08 0.09 0.09 0.10 0.10 0.09 0.09 0.08 0.07 0.07 0.08 0.11 
01:52:42.457 -> 0.35 0.29 0.24 0.19 0.17 0.16 0.18 0.20 0.24 0.27 0.29 0.30 0.30 0.29 0.27 0.24 0.20 0.16 0.13 0.13 
01:52:42.521 -> 0.25 0.22 0.19 0.18 0.19 0.21 0.26 0.31 0.36 0.41 0.45 0.47 0.47 0.45 0.42 0.36 0.29 0.21 0.15 0.12 
01:52:42.585 -> 0.12 0.11 0.11 0.13 0.17 0.22 0.29 0.36 0.44 0.51 0.56 0.58 0.59 0.56 0.51 0.43 0.33 0.22 0.13 0.07 
01:52:42.619 -> -0.03 -0.02 0.01 0.05 0.11 0.18 0.26 0.35 0.44 0.52 0.58 0.62 0.63 0.60 0.53 0.43 0.31 0.18 0.06 -0.02 
01:52:42.682 -> -0.18 -0.15 -0.11 -0.05 0.01 0.08 0.17 0.26 0.35 0.44 0.51 0.56 0.58 0.56 0.48 0.37 0.23 0.08 -0.04 -0.12 
01:52:42.747 -> -0.32 -0.27 -0.23 -0.18 -0.13 -0.06 0.02 0.10 0.19 0.28 0.36 0.42 0.45 0.43 0.36 0.24 0.10 -0.05 -0.17 -0.24 
01:52:42.811 -> -0.42 -0.38 -0.35 -0.31 -0.27 -0.23 -0.17 -0.10 -0.02 0.06 0.15 0.22 0.26 0.25 0.18 0.07 -0.07 -0.21 -0.31 -0.37 


perm[512]={151, 160, 137, 91, 90, 15, 131, 13, 201, 95, 96, 53, 194, 233, 7, 225, 140, 36, 103, 30, 69, 142, 8, 99, 37, 240, 21, 10, 23, 190, 6, 148, 247, 120, 234, 75, 0, 26, 197, 62, 94, 252, 219, 203, 117, 35, 11, 32, 57, 177, 33, 88, 237, 149, 56, 87, 174, 20, 125, 136, 171, 168, 68, 175, 74, 165, 71, 134, 139, 48, 27, 166, 77, 146, 158, 231, 83, 111, 229, 122, 60, 211, 133, 230, 220, 105, 92, 41, 55, 46, 245, 40, 244, 102, 143, 54, 65, 25, 63, 161, 1, 216, 80, 73, 209, 76, 132, 187, 208, 89, 18, 169, 200, 196, 135, 130, 116, 188, 159, 86, 164, 100, 109, 198, 173, 186, 3, 64, 52, 217, 226, 250, 124, 123, 5, 202, 38, 147, 118, 126, 255, 82, 85, 212, 207, 206, 59, 227, 47, 16, 58, 17, 182, 189, 28, 42, 223, 183, 170, 213, 119, 248, 152, 2, 44, 154, 163, 70, 221, 153, 101, 155, 167, 43, 172, 9, 129, 22, 39, 253, 19, 98, 108, 110, 79, 113, 224, 232, 178, 185, 112, 104, 218, 246, 97, 228, 251, 34, 242, 193, 238, 210, 144, 12, 191, 179, 162, 241, 81, 51, 145, 235, 249, 14, 239, 107, 49, 192, 214, 31, 181, 199, 106, 157, 184, 84, 204, 176, 115, 121, 50, 45, 127, 4, 150, 254, 138, 236, 205, 93, 222, 114, 67, 29, 24, 72, 243, 141, 128, 195, 78, 66, 215, 61, 156, 180, 151, 160, 137, 91, 90, 15, 131, 13, 201, 95, 96, 53, 194, 233, 7, 225, 140, 36, 103, 30, 69, 142, 8, 99, 37, 240, 21, 10, 23, 190, 6, 148, 247, 120, 234, 75, 0, 26, 197, 62, 94, 252, 219, 203, 117, 35, 11, 32, 57, 177, 33, 88, 237, 149, 56, 87, 174, 20, 125, 136, 171, 168, 68, 175, 74, 165, 71, 134, 139, 48, 27, 166, 77, 146, 158, 231, 83, 111, 229, 122, 60, 211, 133, 230, 220, 105, 92, 41, 55, 46, 245, 40, 244, 102, 143, 54, 65, 25, 63, 161, 1, 216, 80, 73, 209, 76, 132, 187, 208, 89, 18, 169, 200, 196, 135, 130, 116, 188, 159, 86, 164, 100, 109, 198, 173, 186, 3, 64, 52, 217, 226, 250, 124, 123, 5, 202, 38, 147, 118, 126, 255, 82, 85, 212, 207, 206, 59, 227, 47, 16, 58, 17, 182, 189, 28, 42, 223, 183, 170, 213, 119, 248, 152, 2, 44, 154, 163, 70, 221, 153, 101, 155, 167, 43, 172, 9, 129, 22, 39, 253, 19, 98, 108, 110, 79, 113, 224, 232, 178, 185, 112, 104, 218, 246, 97, 228, 251, 34, 242, 193, 238, 210, 144, 12, 191, 179, 162, 241, 81, 51, 145, 235, 249, 14, 239, 107, 49, 192, 214, 31, 181, 199, 106, 157, 184, 84, 204, 176, 115, 121, 50, 45, 127, 4, 150, 254, 138, 236, 205, 93, 222, 114, 67, 29, 24, 72, 243, 141, 128, 195, 78, 66, 215, 61, 156, 180};

permMod12[512]={7, 4, 5, 7, 6, 3, 11, 1, 9, 11, 0, 5, 2, 5, 7, 9, 8, 0, 7, 6, 9, 10, 8, 3, 1, 0, 9, 10, 11, 10, 6, 4, 7, 0, 6, 3, 0, 2, 5, 2, 10, 0, 3, 11, 9, 11, 11, 8, 9, 9, 9, 4, 9, 5, 8, 3, 6, 8, 5, 4, 3, 0, 8, 7, 2, 9, 11, 2, 7, 0, 3, 10, 5, 2, 2, 3, 11, 3, 1, 2, 0, 7, 1, 2, 4, 9, 8, 5, 7, 10, 5, 4, 4, 6, 11, 6, 5, 1, 3, 5, 1, 0, 8, 1, 5, 4, 0, 7, 4, 5, 6, 1, 8, 4, 3, 10, 8, 8, 3, 2, 8, 4, 1, 6, 5, 6, 3, 4, 4, 1, 10, 10, 4, 3, 5, 10, 2, 3, 10, 6, 3, 10, 1, 8, 3, 2, 11, 11, 11, 4, 10, 5, 2, 9, 4, 6, 7, 3, 2, 9, 11, 8, 8, 2, 8, 10, 7, 10, 5, 9, 5, 11, 11, 7, 4, 9, 9, 10, 3, 1, 7, 2, 0, 2, 7, 5, 8, 4, 10, 5, 4, 8, 2, 6, 1, 0, 11, 10, 2, 1, 10, 6, 0, 0, 11, 11, 6, 1, 9, 3, 1, 7, 9, 2, 11, 11, 1, 0, 10, 7, 1, 7, 10, 1, 4, 0, 0, 8, 7, 1, 2, 9, 7, 4, 6, 2, 6, 8, 1, 9, 6, 6, 7, 5, 0, 0, 3, 9, 8, 3, 6, 6, 11, 1, 0, 0, 7, 4, 5, 7, 6, 3, 11, 1, 9, 11, 0, 5, 2, 5, 7, 9, 8, 0, 7, 6, 9, 10, 8, 3, 1, 0, 9, 10, 11, 10, 6, 4, 7, 0, 6, 3, 0, 2, 5, 2, 10, 0, 3, 11, 9, 11, 11, 8, 9, 9, 9, 4, 9, 5, 8, 3, 6, 8, 5, 4, 3, 0, 8, 7, 2, 9, 11, 2, 7, 0, 3, 10, 5, 2, 2, 3, 11, 3, 1, 2, 0, 7, 1, 2, 4, 9, 8, 5, 7, 10, 5, 4, 4, 6, 11, 6, 5, 1, 3, 5, 1, 0, 8, 1, 5, 4, 0, 7, 4, 5, 6, 1, 8, 4, 3, 10, 8, 8, 3, 2, 8, 4, 1, 6, 5, 6, 3, 4, 4, 1, 10, 10, 4, 3, 5, 10, 2, 3, 10, 6, 3, 10, 1, 8, 3, 2, 11, 11, 11, 4, 10, 5, 2, 9, 4, 6, 7, 3, 2, 9, 11, 8, 8, 2, 8, 10, 7, 10, 5, 9, 5, 11, 11, 7, 4, 9, 9, 10, 3, 1, 7, 2, 0, 2, 7, 5, 8, 4, 10, 5, 4, 8, 2, 6, 1, 0, 11, 10, 2, 1, 10, 6, 0, 0, 11, 11, 6, 1, 9, 3, 1, 7, 9, 2, 11, 11, 1, 0, 10, 7, 1, 7, 10, 1, 4, 0, 0, 8, 7, 1, 2, 9, 7, 4, 6, 2, 6, 8, 1, 9, 6, 6, 7, 5, 0, 0, 3, 9, 8, 3, 6, 6, 11, 1, 0, 0};

Sketch uses 6186 bytes (2%) of program storage space. Maximum is 253952 bytes.
Global variables use 1270 bytes (15%) of dynamic memory, leaving 6922 bytes for local variables. Maximum is 8192 bytes.



